2-D Table Const 17dB transmit antenna used by VOA                               
   2.  30.    .00 276.46    .00000    .00000
 1   .00    .000   .000   .000   .000   .000   .000   .000   .000   .000   .000
            .000   .000   .000   .000   .000   .000   .000   .000   .000   .000
            .000   .000   .000   .000   .000   .000   .000   .000   .000   .000
            .000   .000   .000   .000   .000   .000   .000   .000   .000   .000
            .000   .000   .000   .000   .000   .000   .000   .000   .000   .000
            .000   .000   .000   .000   .000   .000   .000   .000   .000   .000
            .000   .000   .000   .000   .000   .000   .000   .000   .000   .000
            .000   .000   .000   .000   .000   .000   .000   .000   .000   .000
            .000   .000   .000   .000   .000   .000   .000   .000   .000   .000
            .000
 2   .00 -26.000  5.000 10.000 15.000 17.000 17.000 17.000 17.000 17.000 17.000
          17.000 17.000 17.000 17.000 17.000 17.000 17.000 17.000 17.000 17.000
          17.000 17.000 17.000 17.000 17.000 17.000 17.000 17.000 17.000 17.000
          17.000 17.000 17.000 17.000 17.000 17.000 17.000 17.000 17.000 17.000
          17.000 17.000 17.000 17.000 17.000 17.000 17.000 17.000 17.000 17.000
          17.000 17.000 17.000 17.000 17.000 17.000 17.000 17.000 17.000 17.000
          17.000 17.000 17.000 17.000 17.000 17.000 17.000 17.000 17.000 17.000
          17.000 17.000 17.000 17.000 17.000 17.000 17.000 17.000 17.000 17.000
          17.000 17.000 17.000 17.000 17.000 17.000 17.000 17.000 17.000 17.000
          17.000
 3   .00 -26.000  5.000 10.000 15.000 17.000 17.000 17.000 17.000 17.000 17.000
          17.000 17.000 17.000 17.000 17.000 17.000 17.000 17.000 17.000 17.000
          17.000 17.000 17.000 17.000 17.000 17.000 17.000 17.000 17.000 17.000
          17.000 17.000 17.000 17.000 17.000 17.000 17.000 17.000 17.000 17.000
          17.000 17.000 17.000 17.000 17.000 17.000 17.000 17.000 17.000 17.000
          17.000 17.000 17.000 17.000 17.000 17.000 17.000 17.000 17.000 17.000
          17.000 17.000 17.000 17.000 17.000 17.000 17.000 17.000 17.000 17.000
          17.000 17.000 17.000 17.000 17.000 17.000 17.000 17.000 17.000 17.000
          17.000 17.000 17.000 17.000 17.000 17.000 17.000 17.000 17.000 17.000
          17.000
 4   .00 -26.000  5.000 10.000 15.000 17.000 17.000 17.000 17.000 17.000 17.000
          17.000 17.000 17.000 17.000 17.000 17.000 17.000 17.000 17.000 17.000
          17.000 17.000 17.000 17.000 17.000 17.000 17.000 17.000 17.000 17.000
          17.000 17.000 17.000 17.000 17.000 17.000 17.000 17.000 17.000 17.000
          17.000 17.000 17.000 17.000 17.000 17.000 17.000 17.000 17.000 17.000
          17.000 17.000 17.000 17.000 17.000 17.000 17.000 17.000 17.000 17.000
          17.000 17.000 17.000 17.000 17.000 17.000 17.000 17.000 17.000 17.000
          17.000 17.000 17.000 17.000 17.000 17.000 17.000 17.000 17.000 17.000
          17.000 17.000 17.000 17.000 17.000 17.000 17.000 17.000 17.000 17.000
          17.000
 5   .00 -26.000  5.000 10.000 15.000 17.000 17.000 17.000 17.000 17.000 17.000
          17.000 17.000 17.000 17.000 17.000 17.000 17.000 17.000 17.000 17.000
          17.000 17.000 17.000 17.000 17.000 17.000 17.000 17.000 17.000 17.000
          17.000 17.000 17.000 17.000 17.000 17.000 17.000 17.000 17.000 17.000
          17.000 17.000 17.000 17.000 17.000 17.000 17.000 17.000 17.000 17.000
          17.000 17.000 17.000 17.000 17.000 17.000 17.000 17.000 17.000 17.000
          17.000 17.000 17.000 17.000 17.000 17.000 17.000 17.000 17.000 17.000
          17.000 17.000 17.000 17.000 17.000 17.000 17.000 17.000 17.000 17.000
          17.000 17.000 17.000 17.000 17.000 17.000 17.000 17.000 17.000 17.000
          17.000
 6   .00 -26.000  5.000 10.000 15.000 17.000 17.000 17.000 17.000 17.000 17.000
          17.000 17.000 17.000 17.000 17.000 17.000 17.000 17.000 17.000 17.000
          17.000 17.000 17.000 17.000 17.000 17.000 17.000 17.000 17.000 17.000
          17.000 17.000 17.000 17.000 17.000 17.000 17.000 17.000 17.000 17.000
          17.000 17.000 17.000 17.000 17.000 17.000 17.000 17.000 17.000 17.000
          17.000 17.000 17.000 17.000 17.000 17.000 17.000 17.000 17.000 17.000
          17.000 17.000 17.000 17.000 17.000 17.000 17.000 17.000 17.000 17.000
          17.000 17.000 17.000 17.000 17.000 17.000 17.000 17.000 17.000 17.000
          17.000 17.000 17.000 17.000 17.000 17.000 17.000 17.000 17.000 17.000
          17.000
 7   .00 -26.000  5.000 10.000 15.000 17.000 17.000 17.000 17.000 17.000 17.000
          17.000 17.000 17.000 17.000 17.000 17.000 17.000 17.000 17.000 17.000
          17.000 17.000 17.000 17.000 17.000 17.000 17.000 17.000 17.000 17.000
          17.000 17.000 17.000 17.000 17.000 17.000 17.000 17.000 17.000 17.000
          17.000 17.000 17.000 17.000 17.000 17.000 17.000 17.000 17.000 17.000
          17.000 17.000 17.000 17.000 17.000 17.000 17.000 17.000 17.000 17.000
          17.000 17.000 17.000 17.000 17.000 17.000 17.000 17.000 17.000 17.000
          17.000 17.000 17.000 17.000 17.000 17.000 17.000 17.000 17.000 17.000
          17.000 17.000 17.000 17.000 17.000 17.000 17.000 17.000 17.000 17.000
          17.000
 8   .00 -26.000  5.000 10.000 15.000 17.000 17.000 17.000 17.000 17.000 17.000
          17.000 17.000 17.000 17.000 17.000 17.000 17.000 17.000 17.000 17.000
          17.000 17.000 17.000 17.000 17.000 17.000 17.000 17.000 17.000 17.000
          17.000 17.000 17.000 17.000 17.000 17.000 17.000 17.000 17.000 17.000
          17.000 17.000 17.000 17.000 17.000 17.000 17.000 17.000 17.000 17.000
          17.000 17.000 17.000 17.000 17.000 17.000 17.000 17.000 17.000 17.000
          17.000 17.000 17.000 17.000 17.000 17.000 17.000 17.000 17.000 17.000
          17.000 17.000 17.000 17.000 17.000 17.000 17.000 17.000 17.000 17.000
          17.000 17.000 17.000 17.000 17.000 17.000 17.000 17.000 17.000 17.000
          17.000
 9   .00 -26.000  5.000 10.000 15.000 17.000 17.000 17.000 17.000 17.000 17.000
          17.000 17.000 17.000 17.000 17.000 17.000 17.000 17.000 17.000 17.000
          17.000 17.000 17.000 17.000 17.000 17.000 17.000 17.000 17.000 17.000
          17.000 17.000 17.000 17.000 17.000 17.000 17.000 17.000 17.000 17.000
          17.000 17.000 17.000 17.000 17.000 17.000 17.000 17.000 17.000 17.000
          17.000 17.000 17.000 17.000 17.000 17.000 17.000 17.000 17.000 17.000
          17.000 17.000 17.000 17.000 17.000 17.000 17.000 17.000 17.000 17.000
          17.000 17.000 17.000 17.000 17.000 17.000 17.000 17.000 17.000 17.000
          17.000 17.000 17.000 17.000 17.000 17.000 17.000 17.000 17.000 17.000
          17.000
10   .00 -26.000  5.000 10.000 15.000 17.000 17.000 17.000 17.000 17.000 17.000
          17.000 17.000 17.000 17.000 17.000 17.000 17.000 17.000 17.000 17.000
          17.000 17.000 17.000 17.000 17.000 17.000 17.000 17.000 17.000 17.000
          17.000 17.000 17.000 17.000 17.000 17.000 17.000 17.000 17.000 17.000
          17.000 17.000 17.000 17.000 17.000 17.000 17.000 17.000 17.000 17.000
          17.000 17.000 17.000 17.000 17.000 17.000 17.000 17.000 17.000 17.000
          17.000 17.000 17.000 17.000 17.000 17.000 17.000 17.000 17.000 17.000
          17.000 17.000 17.000 17.000 17.000 17.000 17.000 17.000 17.000 17.000
          17.000 17.000 17.000 17.000 17.000 17.000 17.000 17.000 17.000 17.000
          17.000
11   .00 -26.000  5.000 10.000 15.000 17.000 17.000 17.000 17.000 17.000 17.000
          17.000 17.000 17.000 17.000 17.000 17.000 17.000 17.000 17.000 17.000
          17.000 17.000 17.000 17.000 17.000 17.000 17.000 17.000 17.000 17.000
          17.000 17.000 17.000 17.000 17.000 17.000 17.000 17.000 17.000 17.000
          17.000 17.000 17.000 17.000 17.000 17.000 17.000 17.000 17.000 17.000
          17.000 17.000 17.000 17.000 17.000 17.000 17.000 17.000 17.000 17.000
          17.000 17.000 17.000 17.000 17.000 17.000 17.000 17.000 17.000 17.000
          17.000 17.000 17.000 17.000 17.000 17.000 17.000 17.000 17.000 17.000
          17.000 17.000 17.000 17.000 17.000 17.000 17.000 17.000 17.000 17.000
          17.000
12   .00 -26.000  5.000 10.000 15.000 17.000 17.000 17.000 17.000 17.000 17.000
          17.000 17.000 17.000 17.000 17.000 17.000 17.000 17.000 17.000 17.000
          17.000 17.000 17.000 17.000 17.000 17.000 17.000 17.000 17.000 17.000
          17.000 17.000 17.000 17.000 17.000 17.000 17.000 17.000 17.000 17.000
          17.000 17.000 17.000 17.000 17.000 17.000 17.000 17.000 17.000 17.000
          17.000 17.000 17.000 17.000 17.000 17.000 17.000 17.000 17.000 17.000
          17.000 17.000 17.000 17.000 17.000 17.000 17.000 17.000 17.000 17.000
          17.000 17.000 17.000 17.000 17.000 17.000 17.000 17.000 17.000 17.000
          17.000 17.000 17.000 17.000 17.000 17.000 17.000 17.000 17.000 17.000
          17.000
13   .00 -26.000  5.000 10.000 15.000 17.000 17.000 17.000 17.000 17.000 17.000
          17.000 17.000 17.000 17.000 17.000 17.000 17.000 17.000 17.000 17.000
          17.000 17.000 17.000 17.000 17.000 17.000 17.000 17.000 17.000 17.000
          17.000 17.000 17.000 17.000 17.000 17.000 17.000 17.000 17.000 17.000
          17.000 17.000 17.000 17.000 17.000 17.000 17.000 17.000 17.000 17.000
          17.000 17.000 17.000 17.000 17.000 17.000 17.000 17.000 17.000 17.000
          17.000 17.000 17.000 17.000 17.000 17.000 17.000 17.000 17.000 17.000
          17.000 17.000 17.000 17.000 17.000 17.000 17.000 17.000 17.000 17.000
          17.000 17.000 17.000 17.000 17.000 17.000 17.000 17.000 17.000 17.000
          17.000
14   .00 -26.000  5.000 10.000 15.000 17.000 17.000 17.000 17.000 17.000 17.000
          17.000 17.000 17.000 17.000 17.000 17.000 17.000 17.000 17.000 17.000
          17.000 17.000 17.000 17.000 17.000 17.000 17.000 17.000 17.000 17.000
          17.000 17.000 17.000 17.000 17.000 17.000 17.000 17.000 17.000 17.000
          17.000 17.000 17.000 17.000 17.000 17.000 17.000 17.000 17.000 17.000
          17.000 17.000 17.000 17.000 17.000 17.000 17.000 17.000 17.000 17.000
          17.000 17.000 17.000 17.000 17.000 17.000 17.000 17.000 17.000 17.000
          17.000 17.000 17.000 17.000 17.000 17.000 17.000 17.000 17.000 17.000
          17.000 17.000 17.000 17.000 17.000 17.000 17.000 17.000 17.000 17.000
          17.000
15   .00 -26.000  5.000 10.000 15.000 17.000 17.000 17.000 17.000 17.000 17.000
          17.000 17.000 17.000 17.000 17.000 17.000 17.000 17.000 17.000 17.000
          17.000 17.000 17.000 17.000 17.000 17.000 17.000 17.000 17.000 17.000
          17.000 17.000 17.000 17.000 17.000 17.000 17.000 17.000 17.000 17.000
          17.000 17.000 17.000 17.000 17.000 17.000 17.000 17.000 17.000 17.000
          17.000 17.000 17.000 17.000 17.000 17.000 17.000 17.000 17.000 17.000
          17.000 17.000 17.000 17.000 17.000 17.000 17.000 17.000 17.000 17.000
          17.000 17.000 17.000 17.000 17.000 17.000 17.000 17.000 17.000 17.000
          17.000 17.000 17.000 17.000 17.000 17.000 17.000 17.000 17.000 17.000
          17.000
16   .00 -26.000  5.000 10.000 15.000 17.000 17.000 17.000 17.000 17.000 17.000
          17.000 17.000 17.000 17.000 17.000 17.000 17.000 17.000 17.000 17.000
          17.000 17.000 17.000 17.000 17.000 17.000 17.000 17.000 17.000 17.000
          17.000 17.000 17.000 17.000 17.000 17.000 17.000 17.000 17.000 17.000
          17.000 17.000 17.000 17.000 17.000 17.000 17.000 17.000 17.000 17.000
          17.000 17.000 17.000 17.000 17.000 17.000 17.000 17.000 17.000 17.000
          17.000 17.000 17.000 17.000 17.000 17.000 17.000 17.000 17.000 17.000
          17.000 17.000 17.000 17.000 17.000 17.000 17.000 17.000 17.000 17.000
          17.000 17.000 17.000 17.000 17.000 17.000 17.000 17.000 17.000 17.000
          17.000
17   .00 -26.000  5.000 10.000 15.000 17.000 17.000 17.000 17.000 17.000 17.000
          17.000 17.000 17.000 17.000 17.000 17.000 17.000 17.000 17.000 17.000
          17.000 17.000 17.000 17.000 17.000 17.000 17.000 17.000 17.000 17.000
          17.000 17.000 17.000 17.000 17.000 17.000 17.000 17.000 17.000 17.000
          17.000 17.000 17.000 17.000 17.000 17.000 17.000 17.000 17.000 17.000
          17.000 17.000 17.000 17.000 17.000 17.000 17.000 17.000 17.000 17.000
          17.000 17.000 17.000 17.000 17.000 17.000 17.000 17.000 17.000 17.000
          17.000 17.000 17.000 17.000 17.000 17.000 17.000 17.000 17.000 17.000
          17.000 17.000 17.000 17.000 17.000 17.000 17.000 17.000 17.000 17.000
          17.000
18   .00 -26.000  5.000 10.000 15.000 17.000 17.000 17.000 17.000 17.000 17.000
          17.000 17.000 17.000 17.000 17.000 17.000 17.000 17.000 17.000 17.000
          17.000 17.000 17.000 17.000 17.000 17.000 17.000 17.000 17.000 17.000
          17.000 17.000 17.000 17.000 17.000 17.000 17.000 17.000 17.000 17.000
          17.000 17.000 17.000 17.000 17.000 17.000 17.000 17.000 17.000 17.000
          17.000 17.000 17.000 17.000 17.000 17.000 17.000 17.000 17.000 17.000
          17.000 17.000 17.000 17.000 17.000 17.000 17.000 17.000 17.000 17.000
          17.000 17.000 17.000 17.000 17.000 17.000 17.000 17.000 17.000 17.000
          17.000 17.000 17.000 17.000 17.000 17.000 17.000 17.000 17.000 17.000
          17.000
19   .00 -26.000  5.000 10.000 15.000 17.000 17.000 17.000 17.000 17.000 17.000
          17.000 17.000 17.000 17.000 17.000 17.000 17.000 17.000 17.000 17.000
          17.000 17.000 17.000 17.000 17.000 17.000 17.000 17.000 17.000 17.000
          17.000 17.000 17.000 17.000 17.000 17.000 17.000 17.000 17.000 17.000
          17.000 17.000 17.000 17.000 17.000 17.000 17.000 17.000 17.000 17.000
          17.000 17.000 17.000 17.000 17.000 17.000 17.000 17.000 17.000 17.000
          17.000 17.000 17.000 17.000 17.000 17.000 17.000 17.000 17.000 17.000
          17.000 17.000 17.000 17.000 17.000 17.000 17.000 17.000 17.000 17.000
          17.000 17.000 17.000 17.000 17.000 17.000 17.000 17.000 17.000 17.000
          17.000
20   .00 -26.000  5.000 10.000 15.000 17.000 17.000 17.000 17.000 17.000 17.000
          17.000 17.000 17.000 17.000 17.000 17.000 17.000 17.000 17.000 17.000
          17.000 17.000 17.000 17.000 17.000 17.000 17.000 17.000 17.000 17.000
          17.000 17.000 17.000 17.000 17.000 17.000 17.000 17.000 17.000 17.000
          17.000 17.000 17.000 17.000 17.000 17.000 17.000 17.000 17.000 17.000
          17.000 17.000 17.000 17.000 17.000 17.000 17.000 17.000 17.000 17.000
          17.000 17.000 17.000 17.000 17.000 17.000 17.000 17.000 17.000 17.000
          17.000 17.000 17.000 17.000 17.000 17.000 17.000 17.000 17.000 17.000
          17.000 17.000 17.000 17.000 17.000 17.000 17.000 17.000 17.000 17.000
          17.000
21   .00 -26.000  5.000 10.000 15.000 17.000 17.000 17.000 17.000 17.000 17.000
          17.000 17.000 17.000 17.000 17.000 17.000 17.000 17.000 17.000 17.000
          17.000 17.000 17.000 17.000 17.000 17.000 17.000 17.000 17.000 17.000
          17.000 17.000 17.000 17.000 17.000 17.000 17.000 17.000 17.000 17.000
          17.000 17.000 17.000 17.000 17.000 17.000 17.000 17.000 17.000 17.000
          17.000 17.000 17.000 17.000 17.000 17.000 17.000 17.000 17.000 17.000
          17.000 17.000 17.000 17.000 17.000 17.000 17.000 17.000 17.000 17.000
          17.000 17.000 17.000 17.000 17.000 17.000 17.000 17.000 17.000 17.000
          17.000 17.000 17.000 17.000 17.000 17.000 17.000 17.000 17.000 17.000
          17.000
22   .00 -26.000  5.000 10.000 15.000 17.000 17.000 17.000 17.000 17.000 17.000
          17.000 17.000 17.000 17.000 17.000 17.000 17.000 17.000 17.000 17.000
          17.000 17.000 17.000 17.000 17.000 17.000 17.000 17.000 17.000 17.000
          17.000 17.000 17.000 17.000 17.000 17.000 17.000 17.000 17.000 17.000
          17.000 17.000 17.000 17.000 17.000 17.000 17.000 17.000 17.000 17.000
          17.000 17.000 17.000 17.000 17.000 17.000 17.000 17.000 17.000 17.000
          17.000 17.000 17.000 17.000 17.000 17.000 17.000 17.000 17.000 17.000
          17.000 17.000 17.000 17.000 17.000 17.000 17.000 17.000 17.000 17.000
          17.000 17.000 17.000 17.000 17.000 17.000 17.000 17.000 17.000 17.000
          17.000
23   .00 -26.000  5.000 10.000 15.000 17.000 17.000 17.000 17.000 17.000 17.000
          17.000 17.000 17.000 17.000 17.000 17.000 17.000 17.000 17.000 17.000
          17.000 17.000 17.000 17.000 17.000 17.000 17.000 17.000 17.000 17.000
          17.000 17.000 17.000 17.000 17.000 17.000 17.000 17.000 17.000 17.000
          17.000 17.000 17.000 17.000 17.000 17.000 17.000 17.000 17.000 17.000
          17.000 17.000 17.000 17.000 17.000 17.000 17.000 17.000 17.000 17.000
          17.000 17.000 17.000 17.000 17.000 17.000 17.000 17.000 17.000 17.000
          17.000 17.000 17.000 17.000 17.000 17.000 17.000 17.000 17.000 17.000
          17.000 17.000 17.000 17.000 17.000 17.000 17.000 17.000 17.000 17.000
          17.000
24   .00 -26.000  5.000 10.000 15.000 17.000 17.000 17.000 17.000 17.000 17.000
          17.000 17.000 17.000 17.000 17.000 17.000 17.000 17.000 17.000 17.000
          17.000 17.000 17.000 17.000 17.000 17.000 17.000 17.000 17.000 17.000
          17.000 17.000 17.000 17.000 17.000 17.000 17.000 17.000 17.000 17.000
          17.000 17.000 17.000 17.000 17.000 17.000 17.000 17.000 17.000 17.000
          17.000 17.000 17.000 17.000 17.000 17.000 17.000 17.000 17.000 17.000
          17.000 17.000 17.000 17.000 17.000 17.000 17.000 17.000 17.000 17.000
          17.000 17.000 17.000 17.000 17.000 17.000 17.000 17.000 17.000 17.000
          17.000 17.000 17.000 17.000 17.000 17.000 17.000 17.000 17.000 17.000
          17.000
25   .00 -26.000  5.000 10.000 15.000 17.000 17.000 17.000 17.000 17.000 17.000
          17.000 17.000 17.000 17.000 17.000 17.000 17.000 17.000 17.000 17.000
          17.000 17.000 17.000 17.000 17.000 17.000 17.000 17.000 17.000 17.000
          17.000 17.000 17.000 17.000 17.000 17.000 17.000 17.000 17.000 17.000
          17.000 17.000 17.000 17.000 17.000 17.000 17.000 17.000 17.000 17.000
          17.000 17.000 17.000 17.000 17.000 17.000 17.000 17.000 17.000 17.000
          17.000 17.000 17.000 17.000 17.000 17.000 17.000 17.000 17.000 17.000
          17.000 17.000 17.000 17.000 17.000 17.000 17.000 17.000 17.000 17.000
          17.000 17.000 17.000 17.000 17.000 17.000 17.000 17.000 17.000 17.000
          17.000
26   .00 -26.000  5.000 10.000 15.000 17.000 17.000 17.000 17.000 17.000 17.000
          17.000 17.000 17.000 17.000 17.000 17.000 17.000 17.000 17.000 17.000
          17.000 17.000 17.000 17.000 17.000 17.000 17.000 17.000 17.000 17.000
          17.000 17.000 17.000 17.000 17.000 17.000 17.000 17.000 17.000 17.000
          17.000 17.000 17.000 17.000 17.000 17.000 17.000 17.000 17.000 17.000
          17.000 17.000 17.000 17.000 17.000 17.000 17.000 17.000 17.000 17.000
          17.000 17.000 17.000 17.000 17.000 17.000 17.000 17.000 17.000 17.000
          17.000 17.000 17.000 17.000 17.000 17.000 17.000 17.000 17.000 17.000
          17.000 17.000 17.000 17.000 17.000 17.000 17.000 17.000 17.000 17.000
          17.000
27   .00 -26.000  5.000 10.000 15.000 17.000 17.000 17.000 17.000 17.000 17.000
          17.000 17.000 17.000 17.000 17.000 17.000 17.000 17.000 17.000 17.000
          17.000 17.000 17.000 17.000 17.000 17.000 17.000 17.000 17.000 17.000
          17.000 17.000 17.000 17.000 17.000 17.000 17.000 17.000 17.000 17.000
          17.000 17.000 17.000 17.000 17.000 17.000 17.000 17.000 17.000 17.000
          17.000 17.000 17.000 17.000 17.000 17.000 17.000 17.000 17.000 17.000
          17.000 17.000 17.000 17.000 17.000 17.000 17.000 17.000 17.000 17.000
          17.000 17.000 17.000 17.000 17.000 17.000 17.000 17.000 17.000 17.000
          17.000 17.000 17.000 17.000 17.000 17.000 17.000 17.000 17.000 17.000
          17.000
28   .00 -26.000  5.000 10.000 15.000 17.000 17.000 17.000 17.000 17.000 17.000
          17.000 17.000 17.000 17.000 17.000 17.000 17.000 17.000 17.000 17.000
          17.000 17.000 17.000 17.000 17.000 17.000 17.000 17.000 17.000 17.000
          17.000 17.000 17.000 17.000 17.000 17.000 17.000 17.000 17.000 17.000
          17.000 17.000 17.000 17.000 17.000 17.000 17.000 17.000 17.000 17.000
          17.000 17.000 17.000 17.000 17.000 17.000 17.000 17.000 17.000 17.000
          17.000 17.000 17.000 17.000 17.000 17.000 17.000 17.000 17.000 17.000
          17.000 17.000 17.000 17.000 17.000 17.000 17.000 17.000 17.000 17.000
          17.000 17.000 17.000 17.000 17.000 17.000 17.000 17.000 17.000 17.000
          17.000
29   .00 -26.000  5.000 10.000 15.000 17.000 17.000 17.000 17.000 17.000 17.000
          17.000 17.000 17.000 17.000 17.000 17.000 17.000 17.000 17.000 17.000
          17.000 17.000 17.000 17.000 17.000 17.000 17.000 17.000 17.000 17.000
          17.000 17.000 17.000 17.000 17.000 17.000 17.000 17.000 17.000 17.000
          17.000 17.000 17.000 17.000 17.000 17.000 17.000 17.000 17.000 17.000
          17.000 17.000 17.000 17.000 17.000 17.000 17.000 17.000 17.000 17.000
          17.000 17.000 17.000 17.000 17.000 17.000 17.000 17.000 17.000 17.000
          17.000 17.000 17.000 17.000 17.000 17.000 17.000 17.000 17.000 17.000
          17.000 17.000 17.000 17.000 17.000 17.000 17.000 17.000 17.000 17.000
          17.000
30   .00 -26.000  5.000 10.000 15.000 17.000 17.000 17.000 17.000 17.000 17.000
          17.000 17.000 17.000 17.000 17.000 17.000 17.000 17.000 17.000 17.000
          17.000 17.000 17.000 17.000 17.000 17.000 17.000 17.000 17.000 17.000
          17.000 17.000 17.000 17.000 17.000 17.000 17.000 17.000 17.000 17.000
          17.000 17.000 17.000 17.000 17.000 17.000 17.000 17.000 17.000 17.000
          17.000 17.000 17.000 17.000 17.000 17.000 17.000 17.000 17.000 17.000
          17.000 17.000 17.000 17.000 17.000 17.000 17.000 17.000 17.000 17.000
          17.000 17.000 17.000 17.000 17.000 17.000 17.000 17.000 17.000 17.000
          17.000 17.000 17.000 17.000 17.000 17.000 17.000 17.000 17.000 17.000
          17.000
